
0.000000    0.000000
0.010000    0.000900
0.020000    0.001900
0.030000    0.002900
0.040000    0.003900
0.050000    0.005000
0.060000    0.006000
0.070000    0.007000
0.080000    0.007900
0.090000    0.008900
0.100000    0.009900
0.110000    0.010900
0.120000    0.011900
0.130000    0.012900
0.140000    0.014000
0.150000    0.015000
0.160000    0.016000
0.170000    0.017000
0.180000    0.018000
0.190000    0.019000
0.200000    0.020000
0.210000    0.021000
0.220000    0.022000
0.230000    0.023000
0.240000    0.024000
0.250000    0.025000
0.260000    0.026000
0.270000    0.027000
0.280000    0.028000
0.290000    0.029000
0.300000    0.030000
0.310000    0.031000
0.320000    0.031900
0.330000    0.032900
0.340000    0.033900
0.350000    0.034900
0.360000    0.035900
0.370000    0.036900
0.380000    0.037900
0.390000    0.038900
0.400000    0.039900
0.410000    0.040900
0.420000    0.041900
0.430000    0.042900
0.440000    0.043900
0.450000    0.044900
0.460000    0.045900
0.470000    0.046900
0.480000    0.047900
0.490000    0.048900
0.500000    0.049900
0.510000    0.050900
0.520000    0.051900
0.530000    0.052900
0.540000    0.053900
0.550000    0.054900
0.560000    0.055900
0.570000    0.056900
0.580000    0.057900
0.590000    0.058900
0.600000    0.059900
0.610000    0.060900
0.620000    0.061900
0.630000    0.062900
0.640000    0.063900
0.650000    0.064900
0.660000    0.065900
0.670000    0.066900
0.680000    0.067900
0.690000    0.068900
0.700000    0.069900
0.710000    0.070900
0.720000    0.071900
0.730000    0.072900
0.740000    0.073900
0.750000    0.074900
0.760000    0.075900
0.770000    0.076900
0.780000    0.077900
0.790000    0.078900
0.800000    0.079900
0.810000    0.080900
0.820000    0.081900
0.830000    0.082900
0.839999    0.083900
0.849999    0.084900
0.859999    0.085900
0.869999    0.086900
0.879999    0.087900
0.889999    0.088900
0.899999    0.089900
0.909999    0.090900
0.919999    0.091900
0.929999    0.092900
0.939999    0.093900
0.949999    0.094900
0.959999    0.095900
0.969999    0.096900
0.979999    0.097900
0.989999    0.098900
0.999999    0.099900
1.009999    0.100900
1.019999    0.101900
1.029999    0.102900
1.039999    0.103900
1.049999    0.104900
1.059999    0.105900
1.069999    0.106900
1.079999    0.107900
1.089999    0.108900
1.099999    0.109900
1.109999    0.110900
1.119999    0.111900
1.129999    0.112900
1.139999    0.113900
1.149999    0.114900
1.159999    0.115900
1.169999    0.116900
1.179999    0.117900
1.189999    0.118900
1.199999    0.119900
1.209999    0.120900
1.219999    0.121900
1.229999    0.122900
1.239999    0.123900
1.249999    0.124900
1.259999    0.125900
1.269999    0.126900
1.279999    0.127900
1.289999    0.128900
1.299999    0.129900
1.309999    0.130900
1.319999    0.131900
1.329999    0.132900
1.339999    0.133900
1.349999    0.134900
1.359999    0.135900
1.369999    0.136900
1.379999    0.137900
1.389999    0.138900
1.399999    0.139900
1.409999    0.140900
1.419999    0.141900
1.429999    0.142900
1.439999    0.143900
1.449999    0.144900
1.459999    0.145900
1.469999    0.146900
1.479999    0.147900
1.489999    0.148900
1.499999    0.149900
1.509999    0.150900
1.519999    0.151900
1.529999    0.152900
1.539999    0.153900
1.549999    0.154900
1.559999    0.155900
1.569999    0.156900
1.579999    0.157900
1.589999    0.158900
1.599999    0.159900
1.609999    0.160900
1.619999    0.161900
1.629999    0.162900
1.639999    0.163900
1.649999    0.164900
1.659999    0.165900
1.669999    0.166900
1.679999    0.167900
1.689999    0.168900
1.699999    0.169900
1.709999    0.170900
1.719999    0.171900
1.729999    0.172900
1.739999    0.173900
1.749999    0.174900
1.759999    0.175900
1.769999    0.176900
1.779999    0.177900
1.789999    0.178900
1.799999    0.179900
1.809999    0.180900
1.819999    0.181900
1.829999    0.182900
1.839999    0.183900
1.849999    0.184900
1.859999    0.185900
1.869999    0.186900
1.879999    0.187900
1.889999    0.188900
1.899999    0.189900
1.909999    0.190900
1.919999    0.191900
1.929999    0.192900
1.939999    0.193900
1.949998    0.194900
1.959998    0.195900
1.969998    0.196900
1.979998    0.197900
1.989998    0.198900
1.999998    0.199900
2.009999    0.200900
2.019999    0.201900
2.029999    0.202900
2.039999    0.203900
2.049999    0.204900
2.059999    0.205900
2.069999    0.206900
2.079998    0.207900
2.089998    0.208900
2.099998    0.209900
2.109998    0.210900
2.119998    0.211900
2.129998    0.212900
2.139998    0.213900
2.149998    0.214900
2.159998    0.215900
2.169998    0.216900
2.179998    0.217900
2.189998    0.218900
2.199998    0.219900
2.209998    0.220900
2.219998    0.221900
2.229998    0.222900
2.239998    0.223900
2.249998    0.224900
2.259998    0.225900
2.269998    0.226900
2.279998    0.227900
2.289998    0.228900
2.299998    0.229900
2.309998    0.230900
2.319998    0.231900
2.329998    0.232900
2.339998    0.233900
2.349998    0.234900
2.359998    0.235900
2.369998    0.236900
2.379998    0.237900
2.389998    0.238900
2.399998    0.239900
2.409998    0.240900
2.419998    0.241900
2.429998    0.242900
2.439998    0.243900
2.449998    0.244900
2.459998    0.245900
2.469998    0.246900
2.479998    0.247900
2.489998    0.248900
2.499998    0.249900
2.509998    0.250900
2.519998    0.251900
2.529998    0.252900
2.539998    0.253900
2.549998    0.254900
2.559998    0.255900
2.569998    0.256900
2.579998    0.257900
2.589998    0.258900
2.599998    0.259900
2.609998    0.260900
2.619998    0.261900
2.629998    0.262900
2.639998    0.263900
2.649998    0.264900
2.659998    0.265900
2.669998    0.266900
2.679998    0.267900
2.689998    0.268900
2.699998    0.269900
2.709998    0.270900
2.719998    0.271900
2.729998    0.272900
2.739998    0.273900
2.749998    0.274900
2.759998    0.275900
2.769998    0.276900
2.779998    0.277900
2.789998    0.278900
2.799998    0.279900
2.809998    0.280900
2.819998    0.281900
2.829998    0.282900
2.839998    0.283900
2.849998    0.284900
2.859998    0.285900
2.869998    0.286900
2.879998    0.287900
2.889998    0.288900
2.899998    0.289900
2.909998    0.290900
2.919998    0.291900
2.929998    0.292900
2.939998    0.293900
2.949998    0.294900
2.959998    0.295900
2.969998    0.296900
2.979998    0.297900
2.989998    0.298900
2.999998    0.299900
3.009998    0.300900
3.019998    0.301900
3.029998    0.302900
3.039998    0.303900
3.049998    0.304900
3.059998    0.305900
3.069998    0.306900
3.079998    0.307900
3.089998    0.308900
3.099998    0.309900
3.109998    0.310900
3.119998    0.311900
3.129997    0.312900
3.139997    0.313900
3.149997    0.314900
3.159997    0.315900
3.169997    0.316900
3.179997    0.317900
3.189997    0.318900
3.199997    0.319900
3.209997    0.320900
3.219997    0.321900
3.229997    0.322900
3.239997    0.323900
3.249997    0.324900
3.259997    0.325900
3.269997    0.326900
3.279997    0.327900
3.289997    0.328900
3.299997    0.329900
3.309997    0.330900
3.319997    0.331900
3.329997    0.332900
3.339997    0.333900
3.349997    0.334900
3.359997    0.335900
3.369997    0.336900
3.379997    0.337900
3.389997    0.338900
3.399997    0.339900
3.409997    0.340900
3.419997    0.341900
3.429997    0.342900
3.439997    0.343900
3.449997    0.344900
3.459997    0.345900
3.469997    0.346900
3.479997    0.347900
3.489997    0.348900
3.499997    0.349900
3.509997    0.350900
3.519997    0.351900
3.529997    0.352900
3.539997    0.353900
3.549997    0.354900
3.559997    0.355900
3.569997    0.356900
3.579997    0.357900
3.589997    0.358900
3.599997    0.359900
3.609997    0.360900
3.619997    0.361900
3.629997    0.362900
3.639997    0.363900
3.649997    0.364900
3.659997    0.365900
3.669997    0.366900
3.679997    0.367900
3.689997    0.368900
3.699997    0.369900
3.709997    0.370900
3.719997    0.371900
3.729997    0.372900
3.739997    0.373900
3.749997    0.374900
3.759997    0.375900
3.769997    0.376900
3.779997    0.377900
3.789997    0.378900
3.799997    0.379900
3.809997    0.380900
3.819997    0.381900
3.829997    0.382900
3.839997    0.383900
3.849997    0.384900
3.859997    0.385900
3.869997    0.386900
3.879997    0.387900
3.889997    0.388900
3.899997    0.389900
3.909997    0.390900
3.919997    0.391900
3.929997    0.392900
3.939997    0.393900
3.949997    0.394900
3.959997    0.395900
3.969997    0.396900
3.979997    0.397900
3.989997    0.398900
3.999997    0.399900
4.009997    0.400900
4.019997    0.401900
4.029997    0.402900
4.039998    0.403900
4.049998    0.404900
4.059998    0.405900
4.069998    0.406900
4.079998    0.407900
4.089999    0.408900
4.099999    0.409900
4.109999    0.410900
4.119999    0.411900
4.130000    0.412900
4.140000    0.413900
4.150000    0.415000
4.160000    0.416000
4.170001    0.417000
4.180001    0.418000
4.190001    0.419000
4.200001    0.420000
4.210001    0.421000
4.220002    0.422000
4.230002    0.423000
4.240002    0.424000
4.250002    0.425000
4.260003    0.426000
4.270003    0.427000
4.280003    0.428000
4.290003    0.429000
4.300004    0.430000
4.310004    0.431000
4.320004    0.432000
4.330004    0.433000
4.340004    0.434000
4.350005    0.435000
4.360005    0.436000
4.370005    0.437000
4.380005    0.438000
4.390006    0.439000
4.400006    0.440000
4.410006    0.441000
4.420006    0.442000
4.430007    0.443000
4.440007    0.444000
4.450007    0.445000
4.460007    0.446000
4.470007    0.447000
4.480008    0.448000
4.490008    0.449000
4.500008    0.450000
4.510008    0.451000
4.520009    0.452000
4.530009    0.453000
4.540009    0.454000
4.550009    0.455000
4.560009    0.456000
4.570010    0.457000
4.580010    0.458000
4.590010    0.459000
4.600010    0.460000
4.610011    0.461000
4.620011    0.462000
4.630011    0.463000
4.640011    0.464000
4.650012    0.465000
4.660012    0.466000
4.670012    0.467000
4.680012    0.468000
4.690012    0.469000
4.700013    0.470000
4.710013    0.471000
4.720013    0.472000
4.730013    0.473000
4.740014    0.474000
4.750014    0.475000
4.760014    0.476000
4.770014    0.477000
4.780015    0.478000
4.790015    0.479000
4.800015    0.480000
4.810015    0.481000
4.820015    0.482000
4.830016    0.483000
4.840016    0.484000
4.850016    0.485000
4.860016    0.486000
4.870017    0.487000
4.880017    0.488000
4.890017    0.489000
4.900017    0.490000
4.910017    0.491000
4.920018    0.492000
4.930018    0.493000
4.940018    0.494000
4.950018    0.495000
4.960019    0.496000
4.970019    0.497000
4.980019    0.498000
4.990019    0.499000
5.000020    0.500000
5.010020    0.500000
5.020020    0.500000
5.030020    0.500000
5.040020    0.500000
5.050021    0.500000
5.060021    0.500000
5.070021    0.500000
5.080021    0.500000
5.090022    0.500000
5.100022    0.500000
5.110022    0.500000
5.120022    0.500000
5.130023    0.500000
5.140023    0.500000
5.150023    0.500000
5.160023    0.500000
5.170023    0.500000
5.180024    0.500000
5.190024    0.500000
5.200024    0.500000
5.210024    0.500000
5.220025    0.500000
5.230025    0.500000
5.240025    0.500000
5.250025    0.500000
5.260026    0.500000
5.270026    0.500000
5.280026    0.500000
5.290026    0.500000
5.300026    0.500000
5.310027    0.500000
5.320027    0.500000
5.330027    0.500000
5.340027    0.500000
5.350028    0.500000
5.360028    0.500000
5.370028    0.500000
5.380028    0.500000
5.390028    0.500000
5.400029    0.500000
5.410029    0.500000
5.420029    0.500000
5.430029    0.500000
5.440030    0.500000
5.450030    0.500000
5.460030    0.500000
5.470030    0.500000
5.480031    0.500000
5.490031    0.500000
5.500031    0.500000
5.510031    0.500000
5.520031    0.500000
5.530032    0.500000
5.540032    0.500000
5.550032    0.500000
5.560032    0.500000
5.570033    0.500000
5.580033    0.500000
5.590033    0.500000
5.600033    0.500000
5.610034    0.500000
5.620034    0.500000
5.630034    0.500000
5.640034    0.500000
5.650034    0.500000
5.660035    0.500000
5.670035    0.500000
5.680035    0.500000
5.690035    0.500000
5.700036    0.500000
5.710036    0.500000
5.720036    0.500000
5.730036    0.500000
5.740036    0.500000
5.750037    0.500000
5.760037    0.500000
5.770037    0.500000
5.780037    0.500000
5.790038    0.500000
5.800038    0.500000
5.810038    0.500000
5.820038    0.500000
5.830039    0.500000
5.840039    0.500000
5.850039    0.500000
5.860039    0.500000
5.870039    0.500000
5.880040    0.500000
5.890040    0.500000
5.900040    0.500000
5.910040    0.500000
5.920041    0.500000
5.930041    0.500000
5.940041    0.500000
5.950041    0.500000
5.960042    0.500000
5.970042    0.500000
5.980042    0.500000
5.990042    0.500000
6.000042    0.500000
6.010043    0.500000
6.020043    0.500000
6.030043    0.500000
6.040043    0.500000
6.050044    0.500000
6.060044    0.500000
6.070044    0.500000
6.080044    0.500000
6.090044    0.500000
6.100045    0.500000
6.110045    0.500000
6.120045    0.500000
6.130045    0.500000
6.140046    0.500000
6.150046    0.500000
6.160046    0.500000
6.170046    0.500000
6.180047    0.500000
6.190047    0.500000
6.200047    0.500000
6.210047    0.500000
6.220047    0.500000
6.230048    0.500000
6.240048    0.500000
6.250048    0.500000
6.260048    0.500000
6.270049    0.500000
6.280049    0.500000
6.290049    0.500000
6.300049    0.500000
6.310050    0.500000
6.320050    0.500000
6.330050    0.500000
6.340050    0.500000
6.350050    0.500000
6.360051    0.500000
6.370051    0.500000
6.380051    0.500000
6.390051    0.500000
6.400052    0.500000
6.410052    0.500000
6.420052    0.500000
6.430052    0.500000
6.440053    0.500000
6.450053    0.500000
6.460053    0.500000
6.470053    0.500000
6.480053    0.500000
6.490054    0.500000
6.500054    0.500000
6.510054    0.500000
6.520054    0.500000
6.530055    0.500000
6.540055    0.500000
6.550055    0.500000
6.560055    0.500000
6.570055    0.500000
6.580056    0.500000
6.590056    0.500000
6.600056    0.500000
6.610056    0.500000
6.620057    0.500000
6.630057    0.500000
6.640057    0.500000
6.650057    0.500000
6.660058    0.500000
6.670058    0.500000
6.680058    0.500000
6.690058    0.500000
6.700058    0.500000
6.710059    0.500000
6.720059    0.500000
6.730059    0.500000
6.740059    0.500000
6.750060    0.500000
6.760060    0.500000
6.770060    0.500000
6.780060    0.500000
6.790061    0.500000
6.800061    0.500000
6.810061    0.500000
6.820061    0.500000
6.830061    0.500000
6.840062    0.500000
6.850062    0.500000
6.860062    0.500000
6.870062    0.500000
6.880063    0.500000
6.890063    0.500000
6.900063    0.500000
6.910063    0.500000
6.920063    0.500000
6.930064    0.500000
6.940064    0.500000
6.950064    0.500000
6.960064    0.500000
6.970065    0.500000
6.980065    0.500000
6.990065    0.500000
7.000065    0.500000
7.010066    0.499000
7.020066    0.498000
7.030066    0.497000
7.040066    0.496000
7.050066    0.495000
7.060067    0.494000
7.070067    0.493000
7.080067    0.492000
7.090067    0.491000
7.100068    0.490000
7.110068    0.489000
7.120068    0.488000
7.130068    0.487000
7.140069    0.486000
7.150069    0.485000
7.160069    0.484000
7.170069    0.483000
7.180069    0.482000
7.190070    0.481000
7.200070    0.480000
7.210070    0.479000
7.220070    0.478000
7.230071    0.477000
7.240071    0.476000
7.250071    0.475000
7.260071    0.474000
7.270072    0.473000
7.280072    0.472000
7.290072    0.471000
7.300072    0.470000
7.310072    0.469000
7.320073    0.468000
7.330073    0.467000
7.340073    0.466000
7.350073    0.465000
7.360074    0.464000
7.370074    0.463000
7.380074    0.462000
7.390074    0.461000
7.400074    0.460000
7.410075    0.459000
7.420075    0.458000
7.430075    0.457000
7.440075    0.456000
7.450076    0.455000
7.460076    0.454000
7.470076    0.453000
7.480076    0.452000
7.490077    0.451000
7.500077    0.450000
7.510077    0.449000
7.520077    0.448000
7.530077    0.447000
7.540078    0.446000
7.550078    0.445000
7.560078    0.444000
7.570078    0.443000
7.580079    0.442000
7.590079    0.441000
7.600079    0.440000
7.610079    0.439000
7.620080    0.438000
7.630080    0.437000
7.640080    0.436000
7.650080    0.435000
7.660080    0.434000
7.670081    0.433000
7.680081    0.432000
7.690081    0.431000
7.700081    0.430000
7.710082    0.429000
7.720082    0.428000
7.730082    0.427000
7.740082    0.426000
7.750082    0.425000
7.760083    0.424000
7.770083    0.423000
7.780083    0.422000
7.790083    0.421000
7.800084    0.420000
7.810084    0.419000
7.820084    0.418000
7.830084    0.417000
7.840085    0.416000
7.850085    0.415000
7.860085    0.414000
7.870085    0.413000
7.880085    0.412000
7.890086    0.411000
7.900086    0.410000
7.910086    0.409000
7.920086    0.408000
7.930087    0.407000
7.940087    0.406000
7.950087    0.405000
7.960087    0.404000
7.970088    0.403000
7.980088    0.402000
7.990088    0.401000
8.000088    0.400000
8.010088    0.399000
8.020088    0.398000
8.030088    0.397000
8.040089    0.396000
8.050089    0.395000
8.060089    0.394000
8.070089    0.393000
8.080090    0.392000
8.090090    0.391000
8.100090    0.390000
8.110090    0.389000
8.120090    0.388000
8.130091    0.387000
8.140091    0.386000
8.150091    0.385000
8.160091    0.384000
8.170092    0.383000
8.180092    0.382000
8.190092    0.381000
8.200092    0.380000
8.210093    0.379000
8.220093    0.378000
8.230093    0.377000
8.240093    0.376000
8.250093    0.375000
8.260094    0.374000
8.270094    0.373000
8.280094    0.372000
8.290094    0.371000
8.300095    0.370000
8.310095    0.369000
8.320095    0.368000
8.330095    0.367000
8.340096    0.366000
8.350096    0.365000
8.360096    0.364000
8.370096    0.363000
8.380096    0.362000
8.390097    0.361000
8.400097    0.360000
8.410097    0.359000
8.420097    0.358000
8.430098    0.357000
8.440098    0.356000
8.450098    0.355000
8.460098    0.354000
8.470098    0.353000
8.480099    0.352000
8.490099    0.351000
8.500099    0.350000
8.510099    0.349000
8.520100    0.348000
8.530100    0.347000
8.540100    0.346000
8.550100    0.345000
8.560101    0.344000
8.570101    0.343000
8.580101    0.342000
8.590101    0.341000
8.600101    0.340000
8.610102    0.339000
8.620102    0.338000
8.630102    0.337000
8.640102    0.336000
8.650103    0.335000
8.660103    0.334000
8.670103    0.333000
8.680103    0.332000
8.690104    0.331000
8.700104    0.330000
8.710104    0.329000
8.720104    0.328000
8.730104    0.327000
8.740105    0.326000
8.750105    0.325000
8.760105    0.324000
8.770105    0.323000
8.780106    0.322000
8.790106    0.321000
8.800106    0.320000
8.810106    0.319000
8.820107    0.318000
8.830107    0.317000
8.840107    0.316000
8.850107    0.315000
8.860107    0.314000
8.870108    0.313000
8.880108    0.312000
8.890108    0.311000
8.900108    0.310000
8.910109    0.309000
8.920109    0.308000
8.930109    0.307000
8.940109    0.306000
8.950109    0.305000
8.960110    0.304000
8.970110    0.303000
8.980110    0.302000
8.990110    0.301000
9.000111    0.300000
9.010111    0.299000
9.020111    0.298000
9.030111    0.297000
9.040112    0.296000
9.050112    0.295000
9.060112    0.294000
9.070112    0.293000
9.080112    0.292000
9.090113    0.291000
9.100113    0.290000
9.110113    0.289000
9.120113    0.288000
9.130114    0.287000
9.140114    0.286000
9.150114    0.285000
9.160114    0.284000
9.170115    0.283000
9.180115    0.282000
9.190115    0.281000
9.200115    0.280000
9.210115    0.279000
9.220116    0.278000
9.230116    0.277000
9.240116    0.276000
9.250116    0.275000
9.260117    0.274000
9.270117    0.273000
9.280117    0.272000
9.290117    0.271000
9.300117    0.270000
9.310118    0.269000
9.320118    0.268000
9.330118    0.267000
9.340118    0.266000
9.350119    0.265000
9.360119    0.264000
9.370119    0.263000
9.380119    0.262000
9.390120    0.261000
9.400120    0.260000
9.410120    0.259000
9.420120    0.258000
9.430120    0.257000
9.440121    0.256000
9.450121    0.255000
9.460121    0.254000
9.470121    0.253000
9.480122    0.252000
9.490122    0.251000
9.500122    0.250000
9.510122    0.249000
9.520123    0.248000
9.530123    0.247000
9.540123    0.246000
9.550123    0.245000
9.560123    0.244000
9.570124    0.243000
9.580124    0.242000
9.590124    0.241000
9.600124    0.240000
9.610125    0.239000
9.620125    0.238000
9.630125    0.237000
9.640125    0.236000
9.650126    0.235000
9.660126    0.234000
9.670126    0.233000
9.680126    0.232000
9.690126    0.231000
9.700127    0.230000
9.710127    0.229000
9.720127    0.228000
9.730127    0.227000
9.740128    0.226000
9.750128    0.225000
9.760128    0.224000
9.770128    0.223000
9.780128    0.222000
9.790129    0.221000
9.800129    0.220000
9.810129    0.219000
9.820129    0.218000
9.830130    0.217000
9.840130    0.216000
9.850130    0.215000
9.860130    0.214000
9.870131    0.213000
9.880131    0.212000
9.890131    0.211000
9.900131    0.210000
9.910131    0.209000
9.920132    0.208000
9.930132    0.207000
9.940132    0.206000
9.950132    0.205000
9.960133    0.204000
9.970133    0.203000
9.980133    0.202000
9.990133    0.201000
10.000134    0.200000
10.010134    0.199000
10.020134    0.198000
10.030134    0.197000
10.040134    0.196000
10.050135    0.195000
10.060135    0.194000
10.070135    0.193000
10.080135    0.192000
10.090136    0.191000
10.100136    0.190000
10.110136    0.189000
10.120136    0.188000
10.130136    0.187000
10.140137    0.186000
10.150137    0.185000
10.160137    0.184000
10.170137    0.183000
10.180138    0.182000
10.190138    0.181000
10.200138    0.180000
10.210138    0.179000
10.220139    0.178000
10.230139    0.177000
10.240139    0.176000
10.250139    0.175000
10.260139    0.174000
10.270140    0.173000
10.280140    0.172000
10.290140    0.171000
10.300140    0.170000
10.310141    0.169000
10.320141    0.168000
10.330141    0.167000
10.340141    0.166000
10.350142    0.165000
10.360142    0.164000
10.370142    0.163000
10.380142    0.162000
10.390142    0.161000
10.400143    0.160000
10.410143    0.159000
10.420143    0.158000
10.430143    0.157000
10.440144    0.156000
10.450144    0.155000
10.460144    0.154000
10.470144    0.153000
10.480145    0.152000
10.490145    0.151000
10.500145    0.150000
10.510145    0.149000
10.520145    0.148000
10.530146    0.147000
10.540146    0.146000
10.550146    0.145000
10.560146    0.144000
10.570147    0.143000
10.580147    0.142000
10.590147    0.141000
10.600147    0.140000
10.610147    0.139000
10.620148    0.138000
10.630148    0.137000
10.640148    0.136000
10.650148    0.135000
10.660149    0.134000
10.670149    0.133000
10.680149    0.132000
10.690149    0.131000
10.700150    0.130000
10.710150    0.129000
10.720150    0.128000
10.730150    0.127000
10.740150    0.126000
10.750151    0.125000
10.760151    0.124000
10.770151    0.123000
10.780151    0.122000
10.790152    0.121000
10.800152    0.120000
10.810152    0.119000
10.820152    0.118000
10.830153    0.117000
10.840153    0.116000
10.850153    0.115000
10.860153    0.114000
10.870153    0.113000
10.880154    0.112000
10.890154    0.111000
10.900154    0.110000
10.910154    0.109000
10.920155    0.108000
10.930155    0.107000
10.940155    0.106000
10.950155    0.105000
10.960155    0.104000
10.970156    0.103000
10.980156    0.102000
10.990156    0.101000
11.000156    0.100000
11.010157    0.099000
11.020157    0.098000
11.030157    0.097000
11.040157    0.096000
11.050158    0.095000
11.060158    0.094000
11.070158    0.093000
11.080158    0.092000
11.090158    0.091000
11.100159    0.090000
11.110159    0.089000
11.120159    0.088000
11.130159    0.087000
11.140160    0.086000
11.150160    0.085000
11.160160    0.084000
11.170160    0.083000
11.180161    0.082000
11.190161    0.081000
11.200161    0.080000
11.210161    0.079000
11.220161    0.078000
11.230162    0.077000
11.240162    0.076000
11.250162    0.075000
11.260162    0.074000
11.270163    0.073000
11.280163    0.072000
11.290163    0.071000
11.300163    0.070000
11.310163    0.069000
11.320164    0.068000
11.330164    0.067000
11.340164    0.066000
11.350164    0.065000
11.360165    0.064000
11.370165    0.063000
11.380165    0.062000
11.390165    0.061000
11.400166    0.060000
11.410166    0.059000
11.420166    0.058000
11.430166    0.057000
11.440166    0.056000
11.450167    0.055000
11.460167    0.054000
11.470167    0.053000
11.480167    0.052000
11.490168    0.051000
11.500168    0.050000
11.510168    0.049000
11.520168    0.048000
11.530169    0.047000
11.540169    0.046000
11.550169    0.045000
11.560169    0.044000
11.570169    0.043000
11.580170    0.042000
11.590170    0.041000
11.600170    0.040000
11.610170    0.039000
11.620171    0.038000
11.630171    0.037000
11.640171    0.036000
11.650171    0.035000
11.660172    0.034000
11.670172    0.033000
11.680172    0.032000
11.690172    0.031000
11.700172    0.030000
11.710173    0.029000
11.720173    0.028000
11.730173    0.027000
11.740173    0.026000
11.750174    0.025000
11.760174    0.024000
11.770174    0.023000
11.780174    0.022000
11.790174    0.021000
11.800175    0.020000
11.810175    0.019000
11.820175    0.018000
11.830175    0.017000
11.840176    0.016000
11.850176    0.015000
11.860176    0.014000
11.870176    0.013000
11.880177    0.012000
11.890177    0.011000
11.900177    0.010000
11.910177    0.009000
11.920177    0.008000
11.930178    0.007000
11.940178    0.006000
11.950178    0.005000
11.960178    0.004000
11.970179    0.003000
11.980179    0.002000
11.990179    0.001000
12.000179    0.000000
12.010180    -0.001000
12.020180    -0.002000
12.030180    -0.003000
12.040180    -0.004000
12.050180    -0.005000
12.060181    -0.006000
12.070181    -0.007000
12.080181    -0.008000
12.090181    -0.009000
12.100182    -0.010000
12.110182    -0.011000
12.120182    -0.012000
12.130182    -0.013000
12.140182    -0.014000
12.150183    -0.015000
12.160183    -0.016000
12.170183    -0.017000
12.180183    -0.018000
12.190184    -0.019000
12.200184    -0.020000
12.210184    -0.021000
12.220184    -0.022000
12.230185    -0.023000
12.240185    -0.024000
12.250185    -0.025000
12.260185    -0.026000
12.270185    -0.027000
12.280186    -0.028000
12.290186    -0.029000
12.300186    -0.030000
12.310186    -0.031000
12.320187    -0.032000
12.330187    -0.033000
12.340187    -0.034000
12.350187    -0.035000
12.360188    -0.036000
12.370188    -0.037000
12.380188    -0.038000
12.390188    -0.039000
12.400188    -0.040000
12.410189    -0.041000
12.420189    -0.042000
12.430189    -0.043000
12.440189    -0.044000
12.450190    -0.045000
12.460190    -0.046000
12.470190    -0.047000
12.480190    -0.048000
12.490191    -0.049000
12.500191    -0.050000
12.510191    -0.051000
12.520191    -0.052000
12.530191    -0.053000
12.540192    -0.054000
12.550192    -0.055000
12.560192    -0.056000
12.570192    -0.057000
12.580193    -0.058000
12.590193    -0.059000
12.600193    -0.060000
12.610193    -0.061000
12.620193    -0.062000
12.630194    -0.063000
12.640194    -0.064000
12.650194    -0.065000
12.660194    -0.066000
12.670195    -0.067000
12.680195    -0.068000
12.690195    -0.069000
12.700195    -0.070000
12.710196    -0.071000
12.720196    -0.072000
12.730196    -0.073000
12.740196    -0.074000
12.750196    -0.075000
12.760197    -0.076000
12.770197    -0.077000
12.780197    -0.078000
12.790197    -0.079000
12.800198    -0.080000
12.810198    -0.081000
12.820198    -0.082000
12.830198    -0.083000
12.840199    -0.084000
12.850199    -0.085000
12.860199    -0.086000
12.870199    -0.087000
12.880199    -0.088000
12.890200    -0.089000
12.900200    -0.090000
12.910200    -0.091000
12.920200    -0.092000
12.930201    -0.093000
12.940201    -0.094000
12.950201    -0.095000
12.960201    -0.096000
12.970201    -0.097000
12.980202    -0.098000
12.990202    -0.099000
13.000202    -0.100000
13.010202    -0.101000
13.020203    -0.102000
13.030203    -0.103000
13.040203    -0.104000
13.050203    -0.105000
13.060204    -0.106000
13.070204    -0.107000
13.080204    -0.108000
13.090204    -0.109000
13.100204    -0.110000
13.110205    -0.111000
13.120205    -0.112000
13.130205    -0.113000
13.140205    -0.114000
13.150206    -0.115000
13.160206    -0.116000
13.170206    -0.117000
13.180206    -0.118000
13.190207    -0.119000
13.200207    -0.120000
13.210207    -0.121000
13.220207    -0.122000
13.230207    -0.123000
13.240208    -0.124000
13.250208    -0.125000
13.260208    -0.126000
13.270208    -0.127000
13.280209    -0.128000
13.290209    -0.129000
13.300209    -0.130000
13.310209    -0.131000
13.320210    -0.132000
13.330210    -0.133000
13.340210    -0.134000
13.350210    -0.135000
13.360210    -0.136000
13.370211    -0.137000
13.380211    -0.138000
13.390211    -0.139000
13.400211    -0.140000
13.410212    -0.141000
13.420212    -0.142000
13.430212    -0.143000
13.440212    -0.144000
13.450212    -0.145000
13.460213    -0.146000
13.470213    -0.147000
13.480213    -0.148000
13.490213    -0.149000
13.500214    -0.150000
13.510214    -0.151000
13.520214    -0.152000
13.530214    -0.153000
13.540215    -0.154000
13.550215    -0.155000
13.560215    -0.156000
13.570215    -0.157000
13.580215    -0.158000
13.590216    -0.159000
13.600216    -0.160000
13.610216    -0.161000
13.620216    -0.162000
13.630217    -0.163000
13.640217    -0.164000
13.650217    -0.165000
13.660217    -0.166000
13.670218    -0.167000
13.680218    -0.168000
13.690218    -0.169000
13.700218    -0.170000
13.710218    -0.171000
13.720219    -0.172000
13.730219    -0.173000
13.740219    -0.174000
13.750219    -0.175000
13.760220    -0.176000
13.770220    -0.177000
13.780220    -0.178000
13.790220    -0.179000
13.800220    -0.180000
13.810221    -0.181000
13.820221    -0.182000
13.830221    -0.183000
13.840221    -0.184000
13.850222    -0.185000
13.860222    -0.186000
13.870222    -0.187000
13.880222    -0.188000
13.890223    -0.189000
13.900223    -0.190000
13.910223    -0.191000
13.920223    -0.192000
13.930223    -0.193000
13.940224    -0.194000
13.950224    -0.195000
13.960224    -0.196000
13.970224    -0.197000
13.980225    -0.198000
13.990225    -0.199000
14.000225    -0.200000
14.010225    -0.201000
14.020226    -0.202000
14.030226    -0.203000
14.040226    -0.204000
14.050226    -0.205000
14.060226    -0.206000
14.070227    -0.207000
14.080227    -0.208000
14.090227    -0.209000
14.100227    -0.210000
14.110228    -0.211000
14.120228    -0.212000
14.130228    -0.213000
14.140228    -0.214000
14.150229    -0.215000
14.160229    -0.216000
14.170229    -0.217000
14.180229    -0.218000
14.190229    -0.219000
14.200230    -0.220000
14.210230    -0.221000
14.220230    -0.222000
14.230230    -0.223000
14.240231    -0.224000
14.250231    -0.225000
14.260231    -0.226000
14.270231    -0.227000
14.280231    -0.228000
14.290232    -0.229000
14.300232    -0.230000
14.310232    -0.231000
14.320232    -0.232000
14.330233    -0.233000
14.340233    -0.234000
14.350233    -0.235000
14.360233    -0.236000
14.370234    -0.237000
14.380234    -0.238000
14.390234    -0.239000
14.400234    -0.240000
14.410234    -0.241000
14.420235    -0.242000
14.430235    -0.243000
14.440235    -0.244000
14.450235    -0.245000
14.460236    -0.246000
14.470236    -0.247000
14.480236    -0.248000
14.490236    -0.249000
14.500237    -0.250000
14.510237    -0.251000
14.520237    -0.252000
14.530237    -0.253000
14.540237    -0.254000
14.550238    -0.255000
14.560238    -0.256000
14.570238    -0.257000
14.580238    -0.258000
14.590239    -0.259000
14.600239    -0.260000
14.610239    -0.261000
14.620239    -0.262000
14.630239    -0.263000
14.640240    -0.264000
14.650240    -0.265000
14.660240    -0.266000
14.670240    -0.267000
14.680241    -0.268000
14.690241    -0.269000
14.700241    -0.270000
14.710241    -0.271000
14.720242    -0.272000
14.730242    -0.273000
14.740242    -0.274000
14.750242    -0.275000
14.760242    -0.276000
14.770243    -0.277000
14.780243    -0.278000
14.790243    -0.279000
14.800243    -0.280000
14.810244    -0.281000
14.820244    -0.282000
14.830244    -0.283000
14.840244    -0.284000
14.850245    -0.285000
14.860245    -0.286000
14.870245    -0.287000
14.880245    -0.288000
14.890245    -0.289000
14.900246    -0.290000
14.910246    -0.291000
14.920246    -0.292000
14.930246    -0.293000
14.940247    -0.294000
14.950247    -0.295000
14.960247    -0.296000
14.970247    -0.297000
14.980247    -0.298000
14.990248    -0.299000
15.000248    -0.300000
15.010248    -0.301000
15.020248    -0.302000
15.030249    -0.303000
15.040249    -0.304000
15.050249    -0.305000
15.060249    -0.306000
15.070250    -0.307000
15.080250    -0.308000
15.090250    -0.309000
15.100250    -0.310000
15.110250    -0.311000
15.120251    -0.312000
15.130251    -0.313000
15.140251    -0.314000
15.150251    -0.315000
15.160252    -0.316000
15.170252    -0.317000
15.180252    -0.318000
15.190252    -0.319000
15.200253    -0.320000
15.210253    -0.321000
15.220253    -0.322000
15.230253    -0.323000
15.240253    -0.324000
15.250254    -0.325000
15.260254    -0.326000
15.270254    -0.327000
15.280254    -0.328000
15.290255    -0.329000
15.300255    -0.330000
15.310255    -0.331000
15.320255    -0.332000
15.330256    -0.333000
15.340256    -0.334000
15.350256    -0.335000
15.360256    -0.336000
15.370256    -0.337000
15.380257    -0.338000
15.390257    -0.339000
15.400257    -0.340000
15.410257    -0.341000
15.420258    -0.342000
15.430258    -0.343000
15.440258    -0.344000
15.450258    -0.345000
15.460258    -0.346000
15.470259    -0.347000
15.480259    -0.348000
15.490259    -0.349000
15.500259    -0.350000
15.510260    -0.351000
15.520260    -0.352000
15.530260    -0.353000
15.540260    -0.354000
15.550261    -0.355000
15.560261    -0.356000
15.570261    -0.357000
15.580261    -0.358000
15.590261    -0.359000
15.600262    -0.360000
15.610262    -0.361000
15.620262    -0.362000
15.630262    -0.363000
15.640263    -0.364000
15.650263    -0.365000
15.660263    -0.366000
15.670263    -0.367000
15.680264    -0.368000
15.690264    -0.369000
15.700264    -0.370000
15.710264    -0.371000
15.720264    -0.372000
15.730265    -0.373000
15.740265    -0.374000
15.750265    -0.375000
15.760265    -0.376000
15.770266    -0.377000
15.780266    -0.378000
15.790266    -0.379000
15.800266    -0.380000
15.810266    -0.381000
15.820267    -0.382000
15.830267    -0.383000
15.840267    -0.384000
15.850267    -0.385000
15.860268    -0.386000
15.870268    -0.387000
15.880268    -0.388000
15.890268    -0.389000
15.900269    -0.390000
15.910269    -0.391000
15.920269    -0.392000
15.930269    -0.393000
15.940269    -0.394000
15.950270    -0.395000
15.960270    -0.396000
15.970270    -0.397000
15.980270    -0.398000
15.990271    -0.399000
16.000271    -0.400000
16.010271    -0.401000
16.020271    -0.402000
16.030272    -0.403000
16.040272    -0.404000
16.050272    -0.405000
16.060272    -0.406000
16.070272    -0.407000
16.080273    -0.408000
16.090273    -0.409000
16.100273    -0.410000
16.110273    -0.411000
16.120274    -0.412000
16.130274    -0.413000
16.140274    -0.414000
16.150274    -0.415000
16.160275    -0.416000
16.170275    -0.417000
16.180275    -0.418000
16.190275    -0.419000
16.200275    -0.420000
16.210276    -0.421000
16.220276    -0.422000
16.230276    -0.423000
16.240276    -0.424000
16.250277    -0.425000
16.260277    -0.426000
16.270277    -0.427000
16.280277    -0.428000
16.290277    -0.429000
16.300278    -0.430000
16.310278    -0.431000
16.320278    -0.432000
16.330278    -0.433000
16.340279    -0.434000
16.350279    -0.435000
16.360279    -0.436000
16.370279    -0.437000
16.380280    -0.438000
16.390280    -0.439000
16.400280    -0.440000
16.410280    -0.441000
16.420280    -0.442000
16.430281    -0.443000
16.440281    -0.444000
16.450281    -0.445000
16.460281    -0.446000
16.470282    -0.447000
16.480282    -0.448000
16.490282    -0.449000
16.500282    -0.450000
16.510283    -0.451000
16.520283    -0.452000
16.530283    -0.453000
16.540283    -0.454000
16.550283    -0.455000
16.560284    -0.456000
16.570284    -0.457000
16.580284    -0.458000
16.590284    -0.459000
16.600285    -0.460000
16.610285    -0.461000
16.620285    -0.462000
16.630285    -0.463000
16.640285    -0.464000
16.650286    -0.465000
16.660286    -0.466000
16.670286    -0.467000
16.680286    -0.468000
16.690287    -0.469000
16.700287    -0.470000
16.710287    -0.471000
16.720287    -0.472000
16.730288    -0.473000
16.740288    -0.474000
16.750288    -0.475000
16.760288    -0.476000
16.770288    -0.477000
16.780289    -0.478000
16.790289    -0.479000
16.800289    -0.480000
16.810289    -0.481000
16.820290    -0.482000
16.830290    -0.483000
16.840290    -0.484000
16.850290    -0.485000
16.860291    -0.486000
16.870291    -0.487000
16.880291    -0.488000
16.890291    -0.489000
16.900291    -0.490000
16.910292    -0.491000
16.920292    -0.492000
16.930292    -0.493000
16.940292    -0.494000
16.950293    -0.495000
16.960293    -0.496000
16.970293    -0.497000
16.980293    -0.498000
16.990294    -0.499000
17.000294    -0.500000
17.010294    -0.500000
17.020294    -0.500000
17.030294    -0.500000
17.040295    -0.500000
17.050295    -0.500000
17.060295    -0.500000
17.070295    -0.500000
17.080296    -0.500000
17.090296    -0.500000
17.100296    -0.500000
17.110296    -0.500000
17.120296    -0.500000
17.130297    -0.500000
17.140297    -0.500000
17.150297    -0.500000
17.160297    -0.500000
17.170298    -0.500000
17.180298    -0.500000
17.190298    -0.500000
17.200298    -0.500000
17.210299    -0.500000
17.220299    -0.500000
17.230299    -0.500000
17.240299    -0.500000
17.250299    -0.500000
17.260300    -0.500000
17.270300    -0.500000
17.280300    -0.500000
17.290300    -0.500000
17.300301    -0.500000
17.310301    -0.500000
17.320301    -0.500000
17.330301    -0.500000
17.340302    -0.500000
17.350302    -0.500000
17.360302    -0.500000
17.370302    -0.500000
17.380302    -0.500000
17.390303    -0.500000
17.400303    -0.500000
17.410303    -0.500000
17.420303    -0.500000
17.430304    -0.500000
17.440304    -0.500000
17.450304    -0.500000
17.460304    -0.500000
17.470304    -0.500000
17.480305    -0.500000
17.490305    -0.500000
17.500305    -0.500000
17.510305    -0.500000
17.520306    -0.500000
17.530306    -0.500000
17.540306    -0.500000
17.550306    -0.500000
17.560307    -0.500000
17.570307    -0.500000
17.580307    -0.500000
17.590307    -0.500000
17.600307    -0.500000
17.610308    -0.500000
17.620308    -0.500000
17.630308    -0.500000
17.640308    -0.500000
17.650309    -0.500000
17.660309    -0.500000
17.670309    -0.500000
17.680309    -0.500000
17.690310    -0.500000
17.700310    -0.500000
17.710310    -0.500000
17.720310    -0.500000
17.730310    -0.500000
17.740311    -0.500000
17.750311    -0.500000
17.760311    -0.500000
17.770311    -0.500000
17.780312    -0.500000
17.790312    -0.500000
17.800312    -0.500000
17.810312    -0.500000
17.820313    -0.500000
17.830313    -0.500000
17.840313    -0.500000
17.850313    -0.500000
17.860313    -0.500000
17.870314    -0.500000
17.880314    -0.500000
17.890314    -0.500000
17.900314    -0.500000
17.910315    -0.500000
17.920315    -0.500000
17.930315    -0.500000
17.940315    -0.500000
17.950315    -0.500000
17.960316    -0.500000
17.970316    -0.500000
17.980316    -0.500000
17.990316    -0.500000
18.000317    -0.500000
18.010317    -0.500000
18.020317    -0.500000
18.030317    -0.500000
18.040318    -0.500000
18.050318    -0.500000
18.060318    -0.500000
18.070318    -0.500000
18.080318    -0.500000
18.090319    -0.500000
18.100319    -0.500000
18.110319    -0.500000
18.120319    -0.500000
18.130320    -0.500000
18.140320    -0.500000
18.150320    -0.500000
18.160320    -0.500000
18.170321    -0.500000
18.180321    -0.500000
18.190321    -0.500000
18.200321    -0.500000
18.210321    -0.500000
18.220322    -0.500000
18.230322    -0.500000
18.240322    -0.500000
18.250322    -0.500000
18.260323    -0.500000
18.270323    -0.500000
18.280323    -0.500000
18.290323    -0.500000
18.300323    -0.500000
18.310324    -0.500000
18.320324    -0.500000
18.330324    -0.500000
18.340324    -0.500000
18.350325    -0.500000
18.360325    -0.500000
18.370325    -0.500000
18.380325    -0.500000
18.390326    -0.500000
18.400326    -0.500000
18.410326    -0.500000
18.420326    -0.500000
18.430326    -0.500000
18.440327    -0.500000
18.450327    -0.500000
18.460327    -0.500000
18.470327    -0.500000
18.480328    -0.500000
18.490328    -0.500000
18.500328    -0.500000
18.510328    -0.500000
18.520329    -0.500000
18.530329    -0.500000
18.540329    -0.500000
18.550329    -0.500000
18.560329    -0.500000
18.570330    -0.500000
18.580330    -0.500000
18.590330    -0.500000
18.600330    -0.500000
18.610331    -0.500000
18.620331    -0.500000
18.630331    -0.500000
18.640331    -0.500000
18.650331    -0.500000
18.660332    -0.500000
18.670332    -0.500000
18.680332    -0.500000
18.690332    -0.500000
18.700333    -0.500000
18.710333    -0.500000
18.720333    -0.500000
18.730333    -0.500000
18.740334    -0.500000
18.750334    -0.500000
18.760334    -0.500000
18.770334    -0.500000
18.780334    -0.500000
18.790335    -0.500000
18.800335    -0.500000
18.810335    -0.500000
18.820335    -0.500000
18.830336    -0.500000
18.840336    -0.500000
18.850336    -0.500000
18.860336    -0.500000
18.870337    -0.500000
18.880337    -0.500000
18.890337    -0.500000
18.900337    -0.500000
18.910337    -0.500000
18.920338    -0.500000
18.930338    -0.500000
18.940338    -0.500000
18.950338    -0.500000
18.960339    -0.500000
18.970339    -0.500000
18.980339    -0.500000
18.990339    -0.500000
19.000340    -0.500000
19.010340    -0.499000
19.020340    -0.498000
19.030340    -0.497000
19.040340    -0.496000
19.050341    -0.495000
19.060341    -0.494000
19.070341    -0.493000
19.080341    -0.492000
19.090342    -0.491000
19.100342    -0.490000
19.110342    -0.489000
19.120342    -0.488000
19.130342    -0.487000
19.140343    -0.486000
19.150343    -0.485000
19.160343    -0.484000
19.170343    -0.483000
19.180344    -0.482000
19.190344    -0.481000
19.200344    -0.480000
19.210344    -0.479000
19.220345    -0.478000
19.230345    -0.477000
19.240345    -0.476000
19.250345    -0.475000
19.260345    -0.474000
19.270346    -0.473000
19.280346    -0.472000
19.290346    -0.471000
19.300346    -0.470000
19.310347    -0.469000
19.320347    -0.468000
19.330347    -0.467000
19.340347    -0.466000
19.350348    -0.465000
19.360348    -0.464000
19.370348    -0.463000
19.380348    -0.462000
19.390348    -0.461000
19.400349    -0.460000
19.410349    -0.459000
19.420349    -0.458000
19.430349    -0.457000
19.440350    -0.456000
19.450350    -0.455000
19.460350    -0.454000
19.470350    -0.453000
19.480350    -0.452000
19.490351    -0.451000
19.500351    -0.450000
19.510351    -0.449000
19.520351    -0.448000
19.530352    -0.447000
19.540352    -0.446000
19.550352    -0.445000
19.560352    -0.444000
19.570353    -0.443000
19.580353    -0.442000
19.590353    -0.441000
19.600353    -0.440000
19.610353    -0.439000
19.620354    -0.438000
19.630354    -0.437000
19.640354    -0.436000
19.650354    -0.435000
19.660355    -0.434000
19.670355    -0.433000
19.680355    -0.432000
19.690355    -0.431000
19.700356    -0.430000
19.710356    -0.429000
19.720356    -0.428000
19.730356    -0.427000
19.740356    -0.426000
19.750357    -0.425000
19.760357    -0.424000
19.770357    -0.423000
19.780357    -0.422000
19.790358    -0.421000
19.800358    -0.420000
19.810358    -0.419000
19.820358    -0.418000
19.830359    -0.417000
19.840359    -0.416000
19.850359    -0.415000
19.860359    -0.414000
19.870359    -0.413000
19.880360    -0.412000
19.890360    -0.411000
19.900360    -0.410000
19.910360    -0.409000
19.920361    -0.408000
19.930361    -0.407000
19.940361    -0.406000
19.950361    -0.405000
19.960361    -0.404000
19.970362    -0.403000
19.980362    -0.402000
19.990362    -0.401000
20.000362    -0.400000
20.010363    -0.399000
20.020363    -0.398000
20.030363    -0.397000
20.040363    -0.396000
20.050364    -0.395000
20.060364    -0.394000
20.070364    -0.393000
20.080364    -0.392000
20.090364    -0.391000
20.100365    -0.390000
20.110365    -0.389000
20.120365    -0.388000
20.130365    -0.387000
20.140366    -0.386000
20.150366    -0.385000
20.160366    -0.384000
20.170366    -0.383000
20.180367    -0.382000
20.190367    -0.381000
20.200367    -0.380000
20.210367    -0.379000
20.220367    -0.378000
20.230368    -0.377000
20.240368    -0.376000
20.250368    -0.375000
20.260368    -0.374000
20.270369    -0.373000
20.280369    -0.372000
20.290369    -0.371000
20.300369    -0.370000
20.310369    -0.369000
20.320370    -0.368000
20.330370    -0.367000
20.340370    -0.366000
20.350370    -0.365000
20.360371    -0.364000
20.370371    -0.363000
20.380371    -0.362000
20.390371    -0.361000
20.400372    -0.360000
20.410372    -0.359000
20.420372    -0.358000
20.430372    -0.357000
20.440372    -0.356000
20.450373    -0.355000
20.460373    -0.354000
20.470373    -0.353000
20.480373    -0.352000
20.490374    -0.351000
20.500374    -0.350000
20.510374    -0.349000
20.520374    -0.348000
20.530375    -0.347000
20.540375    -0.346000
20.550375    -0.345000
20.560375    -0.344000
20.570375    -0.343000
20.580376    -0.342000
20.590376    -0.341000
20.600376    -0.340000
20.610376    -0.339000
20.620377    -0.338000
20.630377    -0.337000
20.640377    -0.336000
20.650377    -0.335000
20.660378    -0.334000
20.670378    -0.333000
20.680378    -0.332000
20.690378    -0.331000
20.700378    -0.330000
20.710379    -0.329000
20.720379    -0.328000
20.730379    -0.327000
20.740379    -0.326000
20.750380    -0.325000
20.760380    -0.324000
20.770380    -0.323000
20.780380    -0.322000
20.790380    -0.321000
20.800381    -0.320000
20.810381    -0.319000
20.820381    -0.318000
20.830381    -0.317000
20.840382    -0.316000
20.850382    -0.315000
20.860382    -0.314000
20.870382    -0.313000
20.880383    -0.312000
20.890383    -0.311000
20.900383    -0.310000
20.910383    -0.309000
20.920383    -0.308000
20.930384    -0.307000
20.940384    -0.306000
20.950384    -0.305000
20.960384    -0.304000
20.970385    -0.303000
20.980385    -0.302000
20.990385    -0.301000
21.000385    -0.300000
21.010386    -0.299000
21.020386    -0.298000
21.030386    -0.297000
21.040386    -0.296000
21.050386    -0.295000
21.060387    -0.294000
21.070387    -0.293000
21.080387    -0.292000
21.090387    -0.291000
21.100388    -0.290000
21.110388    -0.289000
21.120388    -0.288000
21.130388    -0.287000
21.140388    -0.286000
21.150389    -0.285000
21.160389    -0.284000
21.170389    -0.283000
21.180389    -0.282000
21.190390    -0.281000
21.200390    -0.280000
21.210390    -0.279000
21.220390    -0.278000
21.230391    -0.277000
21.240391    -0.276000
21.250391    -0.275000
21.260391    -0.274000
21.270391    -0.273000
21.280392    -0.272000
21.290392    -0.271000
21.300392    -0.270000
21.310392    -0.269000
21.320393    -0.268000
21.330393    -0.267000
21.340393    -0.266000
21.350393    -0.265000
21.360394    -0.264000
21.370394    -0.263000
21.380394    -0.262000
21.390394    -0.261000
21.400394    -0.260000
21.410395    -0.259000
21.420395    -0.258000
21.430395    -0.257000
21.440395    -0.256000
21.450396    -0.255000
21.460396    -0.254000
21.470396    -0.253000
21.480396    -0.252000
21.490396    -0.251000
21.500397    -0.250000
21.510397    -0.249000
21.520397    -0.248000
21.530397    -0.247000
21.540398    -0.246000
21.550398    -0.245000
21.560398    -0.244000
21.570398    -0.243000
21.580399    -0.242000
21.590399    -0.241000
21.600399    -0.240000
21.610399    -0.239000
21.620399    -0.238000
21.630400    -0.237000
21.640400    -0.236000
21.650400    -0.235000
21.660400    -0.234000
21.670401    -0.233000
21.680401    -0.232000
21.690401    -0.231000
21.700401    -0.230000
21.710402    -0.229000
21.720402    -0.228000
21.730402    -0.227000
21.740402    -0.226000
21.750402    -0.225000
21.760403    -0.224000
21.770403    -0.223000
21.780403    -0.222000
21.790403    -0.221000
21.800404    -0.220000
21.810404    -0.219000
21.820404    -0.218000
21.830404    -0.217000
21.840405    -0.216000
21.850405    -0.215000
21.860405    -0.214000
21.870405    -0.213000
21.880405    -0.212000
21.890406    -0.211000
21.900406    -0.210000
21.910406    -0.209000
21.920406    -0.208000
21.930407    -0.207000
21.940407    -0.206000
21.950407    -0.205000
21.960407    -0.204000
21.970407    -0.203000
21.980408    -0.202000
21.990408    -0.201000
22.000408    -0.200000
22.010408    -0.199000
22.020409    -0.198000
22.030409    -0.197000
22.040409    -0.196000
22.050409    -0.195000
22.060410    -0.194000
22.070410    -0.193000
22.080410    -0.192000
22.090410    -0.191000
22.100410    -0.190000
22.110411    -0.189000
22.120411    -0.188000
22.130411    -0.187000
22.140411    -0.186000
22.150412    -0.185000
22.160412    -0.184000
22.170412    -0.183000
22.180412    -0.182000
22.190413    -0.181000
22.200413    -0.180000
22.210413    -0.179000
22.220413    -0.178000
22.230413    -0.177000
22.240414    -0.176000
22.250414    -0.175000
22.260414    -0.174000
22.270414    -0.173000
22.280415    -0.172000
22.290415    -0.171000
22.300415    -0.170000
22.310415    -0.169000
22.320415    -0.168000
22.330416    -0.167000
22.340416    -0.166000
22.350416    -0.165000
22.360416    -0.164000
22.370417    -0.163000
22.380417    -0.162000
22.390417    -0.161000
22.400417    -0.160000
22.410418    -0.159000
22.420418    -0.158000
22.430418    -0.157000
22.440418    -0.156000
22.450418    -0.155000
22.460419    -0.154000
22.470419    -0.153000
22.480419    -0.152000
22.490419    -0.151000
22.500420    -0.150000
22.510420    -0.149000
22.520420    -0.148000
22.530420    -0.147000
22.540421    -0.146000
22.550421    -0.145000
22.560421    -0.144000
22.570421    -0.143000
22.580421    -0.142000
22.590422    -0.141000
22.600422    -0.140000
22.610422    -0.139000
22.620422    -0.138000
22.630423    -0.137000
22.640423    -0.136000
22.650423    -0.135000
22.660423    -0.134000
22.670424    -0.133000
22.680424    -0.132000
22.690424    -0.131000
22.700424    -0.130000
22.710424    -0.129000
22.720425    -0.128000
22.730425    -0.127000
22.740425    -0.126000
22.750425    -0.125000
22.760426    -0.124000
22.770426    -0.123000
22.780426    -0.122000
22.790426    -0.121000
22.800426    -0.120000
22.810427    -0.119000
22.820427    -0.118000
22.830427    -0.117000
22.840427    -0.116000
22.850428    -0.115000
22.860428    -0.114000
22.870428    -0.113000
22.880428    -0.112000
22.890429    -0.111000
22.900429    -0.110000
22.910429    -0.109000
22.920429    -0.108000
22.930429    -0.107000
22.940430    -0.106000
22.950430    -0.105000
22.960430    -0.104000
22.970430    -0.103000
22.980431    -0.102000
22.990431    -0.101000
23.000431    -0.100000
23.010431    -0.099000
23.020432    -0.098000
23.030432    -0.097000
23.040432    -0.096000
23.050432    -0.095000
23.060432    -0.094000
23.070433    -0.093000
23.080433    -0.092000
23.090433    -0.091000
23.100433    -0.090000
23.110434    -0.089000
23.120434    -0.088000
23.130434    -0.087000
23.140434    -0.086000
23.150434    -0.085000
23.160435    -0.084000
23.170435    -0.083000
23.180435    -0.082000
23.190435    -0.081000
23.200436    -0.080000
23.210436    -0.079000
23.220436    -0.078000
23.230436    -0.077000
23.240437    -0.076000
23.250437    -0.075000
23.260437    -0.074000
23.270437    -0.073000
23.280437    -0.072000
23.290438    -0.071000
23.300438    -0.070000
23.310438    -0.069000
23.320438    -0.068000
23.330439    -0.067000
23.340439    -0.066000
23.350439    -0.065000
23.360439    -0.064000
23.370440    -0.063000
23.380440    -0.062000
23.390440    -0.061000
23.400440    -0.060000
23.410440    -0.059000
23.420441    -0.058000
23.430441    -0.057000
23.440441    -0.056000
23.450441    -0.055000
23.460442    -0.054000
23.470442    -0.053000
23.480442    -0.052000
23.490442    -0.051000
23.500443    -0.050000
23.510443    -0.049000
23.520443    -0.048000
23.530443    -0.047000
23.540443    -0.046000
23.550444    -0.045000
23.560444    -0.044000
23.570444    -0.043000
23.580444    -0.042000
23.590445    -0.041000
23.600445    -0.040000
23.610445    -0.039000
23.620445    -0.038000
23.630445    -0.037000
23.640446    -0.036000
23.650446    -0.035000
23.660446    -0.034000
23.670446    -0.033000
23.680447    -0.032000
23.690447    -0.031000
23.700447    -0.030000
23.710447    -0.029000
23.720448    -0.028000
23.730448    -0.027000
23.740448    -0.026000
23.750448    -0.025000
23.760448    -0.024000
23.770449    -0.023000
23.780449    -0.022000
23.790449    -0.021000
23.800449    -0.020000
23.810450    -0.019000
23.820450    -0.018000
23.830450    -0.017000
23.840450    -0.016000
23.850451    -0.015000
23.860451    -0.014000
23.870451    -0.013000
23.880451    -0.012000
23.890451    -0.011000
23.900452    -0.010000
23.910452    -0.009000
23.920452    -0.008000
23.930452    -0.007000
23.940453    -0.006000
23.950453    -0.005000
23.960453    -0.004000
23.970453    -0.003000
23.980453    -0.002000
23.990454    -0.001000
24.000454    0.000000
24.010454    0.000000
24.020454    0.000000
24.030455    0.000000
24.040455    0.000000
24.050455    0.000000
24.060455    0.000000
24.070456    0.000000
24.080456    0.000000
24.090456    0.000000
24.100456    0.000000
24.110456    0.000000
24.120457    0.000000
24.130457    0.000000
24.140457    0.000000
24.150457    0.000000
24.160458    0.000000
24.170458    0.000000
24.180458    0.000000
24.190458    0.000000
24.200459    0.000000
24.210459    0.000000
24.220459    0.000000
24.230459    0.000000
24.240459    0.000000
24.250460    0.000000
24.260460    0.000000
24.270460    0.000000
24.280460    0.000000
24.290461    0.000000
24.300461    0.000000
24.310461    0.000000
24.320461    0.000000
24.330462    0.000000
24.340462    0.000000
24.350462    0.000000
24.360462    0.000000
24.370462    0.000000
24.380463    0.000000
24.390463    0.000000
24.400463    0.000000
24.410463    0.000000
24.420464    0.000000
24.430464    0.000000
24.440464    0.000000
24.450464    0.000000
24.460464    0.000000
24.470465    0.000000
24.480465    0.000000
24.490465    0.000000
24.500465    0.000000
24.510466    0.000000
24.520466    0.000000
24.530466    0.000000
24.540466    0.000000
24.550467    0.000000
24.560467    0.000000
24.570467    0.000000
24.580467    0.000000
24.590467    0.000000
24.600468    0.000000
24.610468    0.000000
24.620468    0.000000
24.630468    0.000000
24.640469    0.000000
24.650469    0.000000
24.660469    0.000000
24.670469    0.000000
24.680470    0.000000
24.690470    0.000000
24.700470    0.000000
24.710470    0.000000
24.720470    0.000000
24.730471    0.000000
24.740471    0.000000
24.750471    0.000000
24.760471    0.000000
24.770472    0.000000
24.780472    0.000000
24.790472    0.000000
24.800472    0.000000
24.810472    0.000000
24.820473    0.000000
24.830473    0.000000
24.840473    0.000000
24.850473    0.000000
24.860474    0.000000
24.870474    0.000000
24.880474    0.000000
24.890474    0.000000
24.900475    0.000000
24.910475    0.000000
24.920475    0.000000
24.930475    0.000000
24.940475    0.000000
24.950476    0.000000
24.960476    0.000000
24.970476    0.000000
24.980476    0.000000
24.990477    0.000000
25.000477    0.000000
25.010477    0.000000
25.020477    0.000000
25.030478    0.000000
25.040478    0.000000
25.050478    0.000000
25.060478    0.000000
25.070478    0.000000
25.080479    0.000000
25.090479    0.000000
25.100479    0.000000
25.110479    0.000000
25.120480    0.000000
25.130480    0.000000
25.140480    0.000000
25.150480    0.000000
25.160480    0.000000
25.170481    0.000000
25.180481    0.000000
25.190481    0.000000
25.200481    0.000000
25.210482    0.000000
25.220482    0.000000
25.230482    0.000000
25.240482    0.000000
25.250483    0.000000
25.260483    0.000000
25.270483    0.000000
25.280483    0.000000
25.290483    0.000000
25.300484    0.000000
25.310484    0.000000
25.320484    0.000000
25.330484    0.000000
25.340485    0.000000
25.350485    0.000000
25.360485    0.000000
25.370485    0.000000
25.380486    0.000000
25.390486    0.000000
25.400486    0.000000
25.410486    0.000000
25.420486    0.000000
25.430487    0.000000
25.440487    0.000000
25.450487    0.000000
25.460487    0.000000
25.470488    0.000000
25.480488    0.000000
25.490488    0.000000
25.500488    0.000000
25.510489    0.000000
25.520489    0.000000
25.530489    0.000000
25.540489    0.000000
25.550489    0.000000
25.560490    0.000000
25.570490    0.000000
25.580490    0.000000
25.590490    0.000000
25.600491    0.000000
25.610491    0.000000
25.620491    0.000000
25.630491    0.000000
25.640491    0.000000
25.650492    0.000000
25.660492    0.000000
25.670492    0.000000
25.680492    0.000000
25.690493    0.000000
25.700493    0.000000
25.710493    0.000000
25.720493    0.000000
25.730494    0.000000
25.740494    0.000000
25.750494    0.000000
25.760494    0.000000
25.770494    0.000000
25.780495    0.000000
25.790495    0.000000
25.800495    0.000000
25.810495    0.000000
25.820496    0.000000
25.830496    0.000000
25.840496    0.000000
25.850496    0.000000
25.860497    0.000000
25.870497    0.000000
25.880497    0.000000
25.890497    0.000000
25.900497    0.000000
25.910498    0.000000
25.920498    0.000000
25.930498    0.000000
25.940498    0.000000
25.950499    0.000000
25.960499    0.000000
25.970499    0.000000
25.980499    0.000000
25.990499    0.000000
26.000500    0.000000
26.010500    0.000000
26.020500    0.000000
26.030500    0.000000
26.040501    0.000000
26.050501    0.000000
26.060501    0.000000
26.070501    0.000000
26.080502    0.000000
26.090502    0.000000
26.100502    0.000000
26.110502    0.000000
26.120502    0.000000
26.130503    0.000000
26.140503    0.000000
26.150503    0.000000
26.160503    0.000000
26.170504    0.000000
26.180504    0.000000
26.190504    0.000000
26.200504    0.000000
26.210505    0.000000
26.220505    0.000000
26.230505    0.000000
26.240505    0.000000
26.250505    0.000000
26.260506    0.000000
26.270506    0.000000
26.280506    0.000000
26.290506    0.000000
26.300507    0.000000
26.310507    0.000000
26.320507    0.000000
26.330507    0.000000
26.340508    0.000000
26.350508    0.000000
26.360508    0.000000
26.370508    0.000000
26.380508    0.000000
26.390509    0.000000
26.400509    0.000000
26.410509    0.000000
26.420509    0.000000
26.430510    0.000000
26.440510    0.000000
26.450510    0.000000
26.460510    0.000000
26.470510    0.000000
26.480511    0.000000
26.490511    0.000000
26.500511    0.000000
26.510511    0.000000
26.520512    0.000000
26.530512    0.000000
26.540512    0.000000
26.550512    0.000000
26.560513    0.000000
26.570513    0.000000
26.580513    0.000000
26.590513    0.000000
26.600513    0.000000
26.610514    0.000000
26.620514    0.000000
26.630514    0.000000
26.640514    0.000000
26.650515    0.000000
26.660515    0.000000
26.670515    0.000000
26.680515    0.000000
26.690516    0.000000
26.700516    0.000000
26.710516    0.000000
26.720516    0.000000
26.730516    0.000000
26.740517    0.000000
26.750517    0.000000
26.760517    0.000000
26.770517    0.000000
26.780518    0.000000
26.790518    0.000000
26.800518    0.000000
26.810518    0.000000
26.820518    0.000000
26.830519    0.000000
26.840519    0.000000
26.850519    0.000000
26.860519    0.000000
26.870520    0.000000
26.880520    0.000000
26.890520    0.000000
26.900520    0.000000
26.910521    0.000000
26.920521    0.000000
26.930521    0.000000
26.940521    0.000000
26.950521    0.000000
26.960522    0.000000
26.970522    0.000000
26.980522    0.000000
26.990522    0.000000
27.000523    0.000000
27.010523    0.000000
27.020523    0.000000
27.030523    0.000000
27.040524    0.000000
27.050524    0.000000
27.060524    0.000000
27.070524    0.000000
27.080524    0.000000
27.090525    0.000000
27.100525    0.000000
27.110525    0.000000
27.120525    0.000000
27.130526    0.000000
27.140526    0.000000
27.150526    0.000000
27.160526    0.000000
27.170527    0.000000
27.180527    0.000000
27.190527    0.000000
27.200527    0.000000
27.210527    0.000000
27.220528    0.000000
27.230528    0.000000
27.240528    0.000000
27.250528    0.000000
27.260529    0.000000
27.270529    0.000000
27.280529    0.000000
27.290529    0.000000
27.300529    0.000000
27.310530    0.000000
27.320530    0.000000
27.330530    0.000000
27.340530    0.000000
27.350531    0.000000
27.360531    0.000000
27.370531    0.000000
27.380531    0.000000
27.390532    0.000000
27.400532    0.000000
27.410532    0.000000
27.420532    0.000000
27.430532    0.000000
27.440533    0.000000
27.450533    0.000000
27.460533    0.000000
27.470533    0.000000
27.480534    0.000000
27.490534    0.000000
27.500534    0.000000
27.510534    0.000000
27.520535    0.000000
27.530535    0.000000
27.540535    0.000000
27.550535    0.000000
27.560535    0.000000
27.570536    0.000000
27.580536    0.000000
27.590536    0.000000
27.600536    0.000000
27.610537    0.000000
27.620537    0.000000
27.630537    0.000000
27.640537    0.000000
27.650537    0.000000
27.660538    0.000000
27.670538    0.000000
27.680538    0.000000
27.690538    0.000000
27.700539    0.000000
27.710539    0.000000
27.720539    0.000000
27.730539    0.000000
27.740540    0.000000
27.750540    0.000000
27.760540    0.000000
27.770540    0.000000
27.780540    0.000000
27.790541    0.000000
27.800541    0.000000
27.810541    0.000000
27.820541    0.000000
27.830542    0.000000
27.840542    0.000000
27.850542    0.000000
27.860542    0.000000
27.870543    0.000000
27.880543    0.000000
27.890543    0.000000
27.900543    0.000000
27.910543    0.000000
27.920544    0.000000
27.930544    0.000000
27.940544    0.000000
27.950544    0.000000
27.960545    0.000000
27.970545    0.000000
27.980545    0.000000
27.990545    0.000000
28.000546    0.000000
28.010546    0.000000
28.020546    0.000000
28.030546    0.000000
28.040546    0.000000
28.050547    0.000000
28.060547    0.000000
28.070547    0.000000
28.080547    0.000000
28.090548    0.000000
28.100548    0.000000
28.110548    0.000000
28.120548    0.000000
28.130548    0.000000
28.140549    0.000000
28.150549    0.000000
28.160549    0.000000
28.170549    0.000000
28.180550    0.000000
28.190550    0.000000
28.200550    0.000000
28.210550    0.000000
28.220551    0.000000
28.230551    0.000000
28.240551    0.000000
28.250551    0.000000
28.260551    0.000000
28.270552    0.000000
28.280552    0.000000
28.290552    0.000000
28.300552    0.000000
28.310553    0.000000
28.320553    0.000000
28.330553    0.000000
28.340553    0.000000
28.350554    0.000000
28.360554    0.000000
28.370554    0.000000
28.380554    0.000000
28.390554    0.000000
28.400555    0.000000
28.410555    0.000000
28.420555    0.000000
28.430555    0.000000
28.440556    0.000000
28.450556    0.000000
28.460556    0.000000
28.470556    0.000000
28.480556    0.000000
28.490557    0.000000
28.500557    0.000000
28.510557    0.000000
28.520557    0.000000
28.530558    0.000000
28.540558    0.000000
28.550558    0.000000
28.560558    0.000000
28.570559    0.000000
28.580559    0.000000
28.590559    0.000000
28.600559    0.000000
28.610559    0.000000
28.620560    0.000000
28.630560    0.000000
28.640560    0.000000
28.650560    0.000000
28.660561    0.000000
28.670561    0.000000
28.680561    0.000000
28.690561    0.000000
28.700562    0.000000
28.710562    0.000000
28.720562    0.000000
28.730562    0.000000
28.740562    0.000000
28.750563    0.000000
28.760563    0.000000
28.770563    0.000000
28.780563    0.000000
28.790564    0.000000
28.800564    0.000000
28.810564    0.000000
28.820564    0.000000
28.830564    0.000000
28.840565    0.000000
28.850565    0.000000
28.860565    0.000000
28.870565    0.000000
28.880566    0.000000
28.890566    0.000000
28.900566    0.000000
28.910566    0.000000
28.920567    0.000000
28.930567    0.000000
28.940567    0.000000
28.950567    0.000000
28.960567    0.000000
28.970568    0.000000
28.980568    0.000000
28.990568    0.000000
29.000568    0.000000
29.010569    0.000000
29.020569    0.000000
29.030569    0.000000
29.040569    0.000000
29.050570    0.000000
29.060570    0.000000
29.070570    0.000000
29.080570    0.000000
29.090570    0.000000
29.100571    0.000000
29.110571    0.000000
29.120571    0.000000
29.130571    0.000000
29.140572    0.000000
29.150572    0.000000
29.160572    0.000000
29.170572    0.000000
29.180573    0.000000
29.190573    0.000000
29.200573    0.000000
29.210573    0.000000
29.220573    0.000000
29.230574    0.000000
29.240574    0.000000
29.250574    0.000000
29.260574    0.000000
29.270575    0.000000
29.280575    0.000000
29.290575    0.000000
29.300575    0.000000
29.310575    0.000000
29.320576    0.000000
29.330576    0.000000
29.340576    0.000000
29.350576    0.000000
29.360577    0.000000
29.370577    0.000000
29.380577    0.000000
29.390577    0.000000
29.400578    0.000000
29.410578    0.000000
29.420578    0.000000
29.430578    0.000000
29.440578    0.000000
29.450579    0.000000
29.460579    0.000000
29.470579    0.000000
29.480579    0.000000
29.490580    0.000000
29.500580    0.000000
29.510580    0.000000
29.520580    0.000000
29.530581    0.000000
29.540581    0.000000
29.550581    0.000000
29.560581    0.000000
29.570581    0.000000
29.580582    0.000000
29.590582    0.000000
29.600582    0.000000
29.610582    0.000000
29.620583    0.000000
29.630583    0.000000
29.640583    0.000000
29.650583    0.000000
29.660583    0.000000
29.670584    0.000000
29.680584    0.000000
29.690584    0.000000
29.700584    0.000000
29.710585    0.000000
29.720585    0.000000
29.730585    0.000000
29.740585    0.000000
29.750586    0.000000
29.760586    0.000000
29.770586    0.000000
29.780586    0.000000
29.790586    0.000000
29.800587    0.000000
29.810587    0.000000
29.820587    0.000000
29.830587    0.000000
29.840588    0.000000
29.850588    0.000000
29.860588    0.000000
29.870588    0.000000
29.880589    0.000000
29.890589    0.000000
29.900589    0.000000
29.910589    0.000000
29.920589    0.000000
29.930590    0.000000
29.940590    0.000000
29.950590    0.000000
29.960590    0.000000
29.970591    0.000000
29.980591    0.000000
29.990591    0.000000
30.000591    0.000000
30.010592    0.000000
30.020592    0.000000
30.030592    0.000000
30.040592    0.000000
30.050592    0.000000
30.060593    0.000000
30.070593    0.000000
30.080593    0.000000
30.090593    0.000000
30.100594    0.000000
30.110594    0.000000
30.120594    0.000000
30.130594    0.000000
30.140594    0.000000
30.150595    0.000000
30.160595    0.000000
30.170595    0.000000
30.180595    0.000000
30.190596    0.000000
30.200596    0.000000
30.210596    0.000000
30.220596    0.000000
30.230597    0.000000
30.240597    0.000000
30.250597    0.000000
30.260597    0.000000
30.270597    0.000000
30.280598    0.000000
30.290598    0.000000
30.300598    0.000000
30.310598    0.000000
30.320599    0.000000
30.330599    0.000000
30.340599    0.000000
30.350599    0.000000
30.360600    0.000000
30.370600    0.000000
30.380600    0.000000
30.390600    0.000000
30.400600    0.000000
30.410601    0.000000
30.420601    0.000000
30.430601    0.000000
30.440601    0.000000
30.450602    0.000000
30.460602    0.000000
30.470602    0.000000
30.480602    0.000000
30.490602    0.000000
30.500603    0.000000
30.510603    0.000000
30.520603    0.000000
30.530603    0.000000
30.540604    0.000000
30.550604    0.000000
30.560604    0.000000
30.570604    0.000000
30.580605    0.000000
30.590605    0.000000
30.600605    0.000000
30.610605    0.000000
30.620605    0.000000
30.630606    0.000000
30.640606    0.000000
30.650606    0.000000
30.660606    0.000000
30.670607    0.000000
30.680607    0.000000
30.690607    0.000000
30.700607    0.000000
30.710608    0.000000
30.720608    0.000000
30.730608    0.000000
30.740608    0.000000
30.750608    0.000000
30.760609    0.000000
30.770609    0.000000
30.780609    0.000000
30.790609    0.000000
30.800610    0.000000
30.810610    0.000000
30.820610    0.000000
30.830610    0.000000
30.840611    0.000000
30.850611    0.000000
30.860611    0.000000
30.870611    0.000000
30.880611    0.000000
30.890612    0.000000
30.900612    0.000000
30.910612    0.000000
30.920612    0.000000
30.930613    0.000000
30.940613    0.000000
30.950613    0.000000
30.960613    0.000000
30.970613    0.000000
30.980614    0.000000
30.990614    0.000000
31.000614    0.000000
31.010614    0.000000
31.020615    0.000000
31.030615    0.000000
31.040615    0.000000
31.050615    0.000000
31.060616    0.000000
31.070616    0.000000
31.080616    0.000000
31.090616    0.000000
31.100616    0.000000
31.110617    0.000000
31.120617    0.000000
31.130617    0.000000
31.140617    0.000000
31.150618    0.000000
31.160618    0.000000
31.170618    0.000000
31.180618    0.000000
31.190619    0.000000
31.200619    0.000000
31.210619    0.000000
31.220619    0.000000
31.230619    0.000000
31.240620    0.000000
31.250620    0.000000
31.260620    0.000000
31.270620    0.000000
31.280621    0.000000
31.290621    0.000000
31.300621    0.000000
31.310621    0.000000
31.320621    0.000000
31.330622    0.000000
31.340622    0.000000
31.350622    0.000000
31.360622    0.000000
31.370623    0.000000
31.380623    0.000000
31.390623    0.000000
31.400623    0.000000
31.410624    0.000000
31.420624    0.000000
31.430624    0.000000
31.440624    0.000000
31.450624    0.000000
31.460625    0.000000
31.470625    0.000000
31.480625    0.000000
31.490625    0.000000
31.500626    0.000000
31.510626    0.000000
31.520626    0.000000
31.530626    0.000000
31.540627    0.000000
31.550627    0.000000
31.560627    0.000000
31.570627    0.000000
31.580627    0.000000
31.590628    0.000000
31.600628    0.000000
31.610628    0.000000
31.620628    0.000000
31.630629    0.000000
31.640629    0.000000
31.650629    0.000000
31.660629    0.000000
31.670630    0.000000
31.680630    0.000000
31.690630    0.000000
31.700630    0.000000
31.710630    0.000000
31.720631    0.000000
31.730631    0.000000
31.740631    0.000000
31.750631    0.000000
31.760632    0.000000
31.770632    0.000000
31.780632    0.000000
31.790632    0.000000
31.800632    0.000000
31.810633    0.000000
31.820633    0.000000
31.830633    0.000000
31.840633    0.000000
31.850634    0.000000
31.860634    0.000000
31.870634    0.000000
31.880634    0.000000
31.890635    0.000000
31.900635    0.000000
31.910635    0.000000
31.920635    0.000000
31.930635    0.000000
31.940636    0.000000
31.950636    0.000000
31.960636    0.000000
31.970636    0.000000
31.980637    0.000000
31.990637    0.000000
32.000637    0.000000
32.010635    0.000000
32.020634    0.000000
32.030632    0.000000
32.040630    0.000000
32.050629    0.000000
32.060627    0.000000
32.070625    0.000000
32.080624    0.000000
32.090622    0.000000
32.100620    0.000000
32.110619    0.000000
32.120617    0.000000
32.130615    0.000000
32.140614    0.000000
32.150612    0.000000
32.160610    0.000000
32.170609    0.000000
32.180607    0.000000
32.190605    0.000000
32.200603    0.000000
32.210602    0.000000
32.220600    0.000000
32.230598    0.000000
32.240597    0.000000
32.250595    0.000000
32.260593    0.000000
32.270592    0.000000
32.280590    0.000000
32.290588    0.000000
32.300587    0.000000
32.310585    0.000000
32.320583    0.000000
32.330582    0.000000
32.340580    0.000000
32.350578    0.000000
32.360577    0.000000
32.370575    0.000000
32.380573    0.000000
32.390572    0.000000
32.400570    0.000000
32.410568    0.000000
32.420567    0.000000
32.430565    0.000000
32.440563    0.000000
32.450562    0.000000
32.460560    0.000000
32.470558    0.000000
32.480556    0.000000
32.490555    0.000000
32.500553    0.000000
32.510551    0.000000
32.520550    0.000000
32.530548    0.000000
32.540546    0.000000
32.550545    0.000000
32.560543    0.000000
32.570541    0.000000
32.580540    0.000000
32.590538    0.000000
32.600536    0.000000
32.610535    0.000000
32.620533    0.000000
32.630531    0.000000
32.640530    0.000000
32.650528    0.000000
32.660526    0.000000
32.670525    0.000000
32.680523    0.000000
32.690521    0.000000
32.700520    0.000000
32.710518    0.000000
32.720516    0.000000
32.730515    0.000000
32.740513    0.000000
32.750511    0.000000
32.760509    0.000000
32.770508    0.000000
32.780506    0.000000
32.790504    0.000000
32.800503    0.000000
32.810501    0.000000
32.820499    0.000000
32.830498    0.000000
32.840496    0.000000
32.850494    0.000000
32.860493    0.000000
32.870491    0.000000
32.880489    0.000000
32.890488    0.000000
32.900486    0.000000
32.910484    0.000000
32.920483    0.000000
32.930481    0.000000
32.940479    0.000000
32.950478    0.000000
32.960476    0.000000
32.970474    0.000000
32.980473    0.000000
32.990471    0.000000
33.000469    0.000000
33.010468    0.000000
33.020466    0.000000
33.030464    0.000000
33.040462    0.000000
33.050461    0.000000
33.060459    0.000000
33.070457    0.000000
33.080456    0.000000
33.090454    0.000000
33.100452    0.000000
33.110451    0.000000
33.120449    0.000000
33.130447    0.000000
33.140446    0.000000
33.150444    0.000000
33.160442    0.000000
33.170441    0.000000
33.180439    0.000000
33.190437    0.000000
33.200436    0.000000
33.210434    0.000000
33.220432    0.000000
33.230431    0.000000
33.240429    0.000000
33.250427    0.000000
33.260426    0.000000
33.270424    0.000000
33.280422    0.000000
33.290421    0.000000
33.300419    0.000000
33.310417    0.000000
33.320415    0.000000
33.330414    0.000000
33.340412    0.000000
33.350410    0.000000
33.360409    0.000000
33.370407    0.000000
33.380405    0.000000
33.390404    0.000000
33.400402    0.000000
33.410400    0.000000
33.420399    0.000000
33.430397    0.000000
33.440395    0.000000
33.450394    0.000000
33.460392    0.000000
33.470390    0.000000
33.480389    0.000000
33.490387    0.000000
33.500385    0.000000
33.510384    0.000000
33.520382    0.000000
33.530380    0.000000
33.540379    0.000000
33.550377    0.000000
33.560375    0.000000
33.570374    0.000000
33.580372    0.000000
33.590370    0.000000
33.600368    0.000000
33.610367    0.000000
33.620365    0.000000
33.630363    0.000000
33.640362    0.000000
33.650360    0.000000
33.660358    0.000000
33.670357    0.000000
33.680355    0.000000
33.690353    0.000000
33.700352    0.000000
33.710350    0.000000
33.720348    0.000000
33.730347    0.000000
33.740345    0.000000
33.750343    0.000000
33.760342    0.000000
33.770340    0.000000
33.780338    0.000000
33.790337    0.000000
33.800335    0.000000
33.810333    0.000000
33.820332    0.000000
33.830330    0.000000
33.840328    0.000000
33.850327    0.000000
33.860325    0.000000
33.870323    0.000000
33.880322    0.000000
33.890320    0.000000
33.900318    0.000000
33.910316    0.000000
33.920315    0.000000
33.930313    0.000000
33.940311    0.000000
33.950310    0.000000
33.960308    0.000000
33.970306    0.000000
33.980305    0.000000
33.990303    0.000000
34.000301    0.000000
34.010300    0.000000
34.020298    0.000000
34.030296    0.000000
34.040295    0.000000
34.050293    0.000000
34.060291    0.000000
34.070290    0.000000
34.080288    0.000000
34.090286    0.000000
34.100285    0.000000
34.110283    0.000000
34.120281    0.000000
34.130280    0.000000
34.140278    0.000000
34.150276    0.000000
34.160275    0.000000
34.170273    0.000000
34.180271    0.000000
34.190269    0.000000
34.200268    0.000000
34.210266    0.000000
34.220264    0.000000
34.230263    0.000000
34.240261    0.000000
34.250259    0.000000
34.260258    0.000000
34.270256    0.000000
34.280254    0.000000
34.290253    0.000000
34.300251    0.000000
34.310249    0.000000
34.320248    0.000000
34.330246    0.000000
34.340244    0.000000
34.350243    0.000000
34.360241    0.000000
34.370239    0.000000
34.380238    0.000000
34.390236    0.000000
34.400234    0.000000
34.410233    0.000000
34.420231    0.000000
34.430229    0.000000
34.440228    0.000000
34.450226    0.000000
34.460224    0.000000
34.470222    0.000000
34.480221    0.000000
34.490219    0.000000
34.500217    0.000000
34.510216    0.000000
34.520214    0.000000
34.530212    0.000000
34.540211    0.000000
34.550209    0.000000
34.560207    0.000000
34.570206    0.000000
34.580204    0.000000
34.590202    0.000000
34.600201    0.000000
34.610199    0.000000
34.620197    0.000000
34.630196    0.000000
34.640194    0.000000
34.650192    0.000000
34.660191    0.000000
34.670189    0.000000
34.680187    0.000000
34.690186    0.000000
34.700184    0.000000
34.710182    0.000000
34.720181    0.000000
34.730179    0.000000
34.740177    0.000000
34.750175    0.000000
34.760174    0.000000
34.770172    0.000000
34.780170    0.000000
34.790169    0.000000
34.800167    0.000000
34.810165    0.000000
34.820164    0.000000
34.830162    0.000000
34.840160    0.000000
34.850159    0.000000
34.860157    0.000000
34.870155    0.000000
34.880154    0.000000
34.890152    0.000000
34.900150    0.000000
34.910149    0.000000
34.920147    0.000000
34.930145    0.000000
34.940144    0.000000
34.950142    0.000000
34.960140    0.000000
34.970139    0.000000
34.980137    0.000000
34.990135    0.000000
35.000134    0.000000
35.010132    0.000000
35.020130    0.000000
35.030128    0.000000
35.040127    0.000000
35.050125    0.000000
35.060123    0.000000
35.070122    0.000000
35.080120    0.000000
35.090118    0.000000
35.100117    0.000000
35.110115    0.000000
35.120113    0.000000
35.130112    0.000000
35.140110    0.000000
35.150108    0.000000
35.160107    0.000000
35.170105    0.000000
35.180103    0.000000
35.190102    0.000000
35.200100    0.000000
35.210098    0.000000
35.220097    0.000000
35.230095    0.000000
35.240093    0.000000
35.250092    0.000000
35.260090    0.000000
35.270088    0.000000
35.280087    0.000000
35.290085    0.000000
35.300083    0.000000
35.310081    0.000000
35.320080    0.000000
35.330078    0.000000
35.340076    0.000000
35.350075    0.000000
35.360073    0.000000
35.370071    0.000000
35.380070    0.000000
35.390068    0.000000
35.400066    0.000000
35.410065    0.000000
35.420063    0.000000
35.430061    0.000000
35.440060    0.000000
35.450058    0.000000
35.460056    0.000000
35.470055    0.000000
35.480053    0.000000
35.490051    0.000000
35.500050    0.000000
35.510048    0.000000
35.520046    0.000000
35.530045    0.000000
35.540043    0.000000
35.550041    0.000000
35.560040    0.000000
35.570038    0.000000
35.580036    0.000000
35.590034    0.000000
35.600033    0.000000
35.610031    0.000000
35.620029    0.000000
35.630028    0.000000
35.640026    0.000000
35.650024    0.000000
35.660023    0.000000
35.670021    0.000000
35.680019    0.000000
35.690018    0.000000
35.700016    0.000000
35.710014    0.000000
35.720013    0.000000
35.730011    0.000000
35.740009    0.000000
35.750008    0.000000
35.760006    0.000000
35.770004    0.000000
35.780003    0.000000
35.790001    0.000000
35.799999    0.000000
35.809998    0.000000
35.819996    0.000000
35.829994    0.000000
35.839993    0.000000
35.849991    0.000000
35.859989    0.000000
35.869987    0.000000
35.879986    0.000000
35.889984    0.000000
35.899982    0.000000
35.909981    0.000000
35.919979    0.000000
35.929977    0.000000
35.939976    0.000000
35.949974    0.000000
35.959972    0.000000
35.969971    0.000000
35.979969    0.000000
35.989967    0.000000
35.999966    0.000000
36.009964    0.000000
36.019962    0.000000
36.029961    0.000000
36.039959    0.000000
36.049957    0.000000
36.059956    0.000000
36.069954    0.000000
36.079952    0.000000
36.089951    0.000000
36.099949    0.000000
36.109947    0.000000
36.119946    0.000000
36.129944    0.000000
36.139942    0.000000
36.149940    0.000000
36.159939    0.000000
36.169937    0.000000
36.179935    0.000000
36.189934    0.000000
36.199932    0.000000
36.209930    0.000000
36.219929    0.000000
36.229927    0.000000
36.239925    0.000000
36.249924    0.000000
36.259922    0.000000
36.269920    0.000000
36.279919    0.000000
36.289917    0.000000
36.299915    0.000000
36.309914    0.000000
36.319912    0.000000
36.329910    0.000000
36.339909    0.000000
36.349907    0.000000
36.359905    0.000000
36.369904    0.000000
36.379902    0.000000
36.389900    0.000000
36.399899    0.000000
36.409897    0.000000
36.419895    0.000000
36.429893    0.000000
36.439892    0.000000
36.449890    0.000000
36.459888    0.000000
36.469887    0.000000
36.479885    0.000000
36.489883    0.000000
36.499882    0.000000
36.509880    0.000000
36.519878    0.000000
36.529877    0.000000
36.539875    0.000000
36.549873    0.000000
36.559872    0.000000
36.569870    0.000000
36.579868    0.000000
36.589867    0.000000
36.599865    0.000000
36.609863    0.000000
36.619862    0.000000
36.629860    0.000000
36.639858    0.000000
36.649857    0.000000
36.659855    0.000000
36.669853    0.000000
36.679852    0.000000
36.689850    0.000000
36.699848    0.000000
36.709846    0.000000
36.719845    0.000000
36.729843    0.000000
36.739841    0.000000
36.749840    0.000000
36.759838    0.000000
36.769836    0.000000
36.779835    0.000000
36.789833    0.000000
36.799831    0.000000
36.809830    0.000000
36.819828    0.000000
36.829826    0.000000
36.839825    0.000000
36.849823    0.000000
36.859821    0.000000
36.869820    0.000000
36.879818    0.000000
36.889816    0.000000
36.899815    0.000000
36.909813    0.000000
36.919811    0.000000
36.929810    0.000000
36.939808    0.000000
36.949806    0.000000
36.959805    0.000000
36.969803    0.000000
36.979801    0.000000
36.989799    0.000000
36.999798    0.000000
37.009796    0.000000
37.019794    0.000000
37.029793    0.000000
37.039791    0.000000
37.049789    0.000000
37.059788    0.000000
37.069786    0.000000
37.079784    0.000000
37.089783    0.000000
37.099781    0.000000
37.109779    0.000000
37.119778    0.000000
37.129776    0.000000
37.139774    0.000000
37.149773    0.000000
37.159771    0.000000
37.169769    0.000000
37.179768    0.000000
37.189766    0.000000
37.199764    0.000000
37.209763    0.000000
37.219761    0.000000
37.229759    0.000000
37.239758    0.000000
37.249756    0.000000
37.259754    0.000000
37.269753    0.000000
37.279751    0.000000
37.289749    0.000000
37.299747    0.000000
37.309746    0.000000
37.319744    0.000000
37.329742    0.000000
37.339741    0.000000
37.349739    0.000000
37.359737    0.000000
37.369736    0.000000
37.379734    0.000000
37.389732    0.000000
37.399731    0.000000
37.409729    0.000000
37.419727    0.000000
37.429726    0.000000
37.439724    0.000000
37.449722    0.000000
37.459721    0.000000
37.469719    0.000000
37.479717    0.000000
37.489716    0.000000
37.499714    0.000000
37.509712    0.000000
37.519711    0.000000
37.529709    0.000000
37.539707    0.000000
37.549706    0.000000
37.559704    0.000000
37.569702    0.000000
37.579700    0.000000
37.589699    0.000000
37.599697    0.000000
37.609695    0.000000
37.619694    0.000000
37.629692    0.000000
37.639690    0.000000
37.649689    0.000000
37.659687    0.000000
37.669685    0.000000
37.679684    0.000000
37.689682    0.000000
37.699680    0.000000
37.709679    0.000000
37.719677    0.000000
37.729675    0.000000
37.739674    0.000000
37.749672    0.000000
37.759670    0.000000
37.769669    0.000000
37.779667    0.000000
37.789665    0.000000
37.799664    0.000000
37.809662    0.000000
37.819660    0.000000
37.829659    0.000000
37.839657    0.000000
37.849655    0.000000
37.859653    0.000000
37.869652    0.000000
37.879650    0.000000
37.889648    0.000000
37.899647    0.000000
37.909645    0.000000
37.919643    0.000000
37.929642    0.000000
37.939640    0.000000
37.949638    0.000000
37.959637    0.000000
37.969635    0.000000
37.979633    0.000000
37.989632    0.000000
37.999630    0.000000
38.009628    0.000000
38.019627    0.000000
38.029625    0.000000
38.039623    0.000000
38.049622    0.000000
38.059620    0.000000
38.069618    0.000000
38.079617    0.000000
38.089615    0.000000
38.099613    0.000000
38.109612    0.000000
38.119610    0.000000
38.129608    0.000000
38.139606    0.000000
38.149605    0.000000
38.159603    0.000000
38.169601    0.000000
38.179600    0.000000
38.189598    0.000000
38.199596    0.000000
38.209595    0.000000
38.219593    0.000000
38.229591    0.000000
38.239590    0.000000
38.249588    0.000000
38.259586    0.000000
38.269585    0.000000
38.279583    0.000000
38.289581    0.000000
38.299580    0.000000
38.309578    0.000000
38.319576    0.000000
38.329575    0.000000
38.339573    0.000000
38.349571    0.000000
38.359570    0.000000
38.369568    0.000000
38.379566    0.000000
38.389565    0.000000
38.399563    0.000000
38.409561    0.000000
38.419559    0.000000
38.429558    0.000000
38.439556    0.000000
38.449554    0.000000
38.459553    0.000000
38.469551    0.000000
38.479549    0.000000
38.489548    0.000000
38.499546    0.000000
38.509544    0.000000
38.519543    0.000000
38.529541    0.000000
38.539539    0.000000
38.549538    0.000000
38.559536    0.000000
38.569534    0.000000
38.579533    0.000000
38.589531    0.000000
38.599529    0.000000
38.609528    0.000000
38.619526    0.000000
38.629524    0.000000
38.639523    0.000000
38.649521    0.000000
38.659519    0.000000
38.669518    0.000000
38.679516    0.000000
38.689514    0.000000
38.699512    0.000000
38.709511    0.000000
38.719509    0.000000
38.729507    0.000000
38.739506    0.000000
38.749504    0.000000
38.759502    0.000000
38.769501    0.000000
38.779499    0.000000
38.789497    0.000000
38.799496    0.000000
38.809494    0.000000
38.819492    0.000000
38.829491    0.000000
38.839489    0.000000
38.849487    0.000000
38.859486    0.000000
38.869484    0.000000
38.879482    0.000000
38.889481    0.000000
38.899479    0.000000
38.909477    0.000000
38.919476    0.000000
38.929474    0.000000
38.939472    0.000000
38.949471    0.000000
38.959469    0.000000
38.969467    0.000000
38.979465    0.000000
38.989464    0.000000
38.999462    0.000000
39.009460    0.000000
39.019459    0.000000
39.029457    0.000000
39.039455    0.000000
39.049454    0.000000
39.059452    0.000000
39.069450    0.000000
39.079449    0.000000
39.089447    0.000000
39.099445    0.000000
39.109444    0.000000
39.119442    0.000000
39.129440    0.000000
39.139439    0.000000
39.149437    0.000000
39.159435    0.000000
39.169434    0.000000
39.179432    0.000000
39.189430    0.000000
39.199429    0.000000
39.209427    0.000000
39.219425    0.000000
39.229424    0.000000
39.239422    0.000000
39.249420    0.000000
39.259418    0.000000
39.269417    0.000000
39.279415    0.000000
39.289413    0.000000
39.299412    0.000000
39.309410    0.000000
39.319408    0.000000
39.329407    0.000000
39.339405    0.000000
39.349403    0.000000
39.359402    0.000000
39.369400    0.000000
39.379398    0.000000
39.389397    0.000000
39.399395    0.000000
39.409393    0.000000
39.419392    0.000000
39.429390    0.000000
39.439388    0.000000
39.449387    0.000000
39.459385    0.000000
39.469383    0.000000
39.479382    0.000000
39.489380    0.000000
39.499378    0.000000
39.509377    0.000000
39.519375    0.000000
39.529373    0.000000
39.539371    0.000000
39.549370    0.000000
39.559368    0.000000
39.569366    0.000000
39.579365    0.000000
39.589363    0.000000
39.599361    0.000000
39.609360    0.000000
39.619358    0.000000
39.629356    0.000000
39.639355    0.000000
39.649353    0.000000
39.659351    0.000000
39.669350    0.000000
39.679348    0.000000
39.689346    0.000000
39.699345    0.000000
39.709343    0.000000
39.719341    0.000000
39.729340    0.000000
39.739338    0.000000
39.749336    0.000000
39.759335    0.000000
39.769333    0.000000
39.779331    0.000000
39.789330    0.000000
39.799328    0.000000
39.809326    0.000000
39.819324    0.000000
39.829323    0.000000
39.839321    0.000000
39.849319    0.000000
39.859318    0.000000
39.869316    0.000000
39.879314    0.000000
39.889313    0.000000
39.899311    0.000000
39.909309    0.000000
39.919308    0.000000
39.929306    0.000000
39.939304    0.000000
39.949303    0.000000
39.959301    0.000000
39.969299    0.000000
39.979298    0.000000
39.989296    0.000000
39.999294    0.000000